COMISIÓN NACIONAL DEL AGUA
COORDINACIÓN GENERAL DEL SERVICIO METEOROLÓGICO NACIONAL
BASE DE DATOS CLIMATOLÓGICA NACIONAL 

ESTADÍSTICA MENSUAL
EMISIÓN   : 25/10/2024 

DATOS DISPONIBLES EN LA BASE DE DATOS A: OCTOBER DE 2024; 
CON LA INFORMACIÓN SUMINISTRADA POR LAS UNIDADES ADMINISTRATIVAS 

 ESTACIÓN  : 15125 
 NOMBRE    : TEXCOCO (DGE) 
 ESTADO    : MÉXICO 
 MUNICIPIO : TEXCOCO 
 SITUACIÓN : OPERANDO 
 CVE-OMM   :   
 LATITUD   : 19.50555556 ° 
 LONGITUD  : -98.88194444 ° 
 ALTITUD   : 2250 msnm 


LLUVIA MÁXIMA 24 H.
AÑO	ENE	FEB	MAR	ABR	MAY	JUN	JUL	AGO	SEP	OCT	NOV	DIC	ACUM	PROM	MESES
1961	2.5	0	0	0.2	9.5	27.4	19.7	20.9	18.5	5.1	2.2	3.5	109.5	9.1	12
1962	0	1.2	3.3	28.8	17.3	28.1	26.5	19.5	17.2	37.5	4	7.8	191.2	15.9	12
1963	0.5	0.3	15.5	9.5	10.8	17	26	21.5	34.5	6	3.2	11.5	156.3	13	12
1964	9.5	0	6.5	13.2	16	42.5	16	20.8	26.4	19.3	4.8	10	185	15.4	12
1965	2.7	19.9	0.3	10.5	22.5	24.5	19.8	26.5	18	20.5	0.01	4	169.21	14.1	12
1966	11	0.4	17.8	16	4	21.2	73.8	24	16.3	20	0.01	4	208.51	17.4	12
1967	51	2	9.3	4.5	12.5	7	6.5	29	20	13.5	0.01	0.01	155.32	12.9	12
1968	5.7	8.9	0.01	8	16	20	33.2	18.4	36.5	25	1.5	7.5	180.71	15.1	12
1969	6	3	8	14.3	7.5	12.5	22	37.5	36.5	25	1.5	7.5	181.3	15.1	12
1970	4.8	1.2	0	7.5	15	21	19.5	28.5	12.5	12	0	0	122	10.2	12
1972	0	0	4	16.8	20.2	18.5	11	18.5	13.5	33.5	1.8	0	137.8	11.5	12
1973	0	4	2.5	12	23.5	10	17.5	22.5	25.5	12	6.5	2	138	11.5	12
1974	0	2	6	32	15	18.2	29.5	42.5	21	8.5	1.5	0	176.2	14.7	12
1975	17.5	2.5	5	9	20	22.5	20	19.5	17.9	7	0	0	140.9	11.7	12
1976	0	3	9.8	14.3	15.2	20	29.5	13.7	21	18	2.5	12.8	159.8	13.3	12
1977	0.5	3.5	0	1.5	20.7	20.3	36.5	19	28.8	17.5	27	1.5	176.8	14.7	12
1978	2	8	29.5	1	10	62.5	16.5	20.5	44.3	12	10.7	1.4	218.4	18.2	12
1979	1	11	24.8	2.3	28.6	32.2	16.2	21.5	58.5	0.1	1.2	12.5	209.9	17.5	12
1980	19	3	2.5	7.3	9.5	21	15.5	15.6	12	26.2	9.5	0	141.1	11.8	12
1981	19	4.7	11	10	39	30.2	43	17.4	17.6	13.8	20	2	227.7	19	12
1982	0	3.1	17.5	13	15.5	22.5	27.4	13	14.9	22.3	0	1.5	150.7	12.6	12
1983	17.4	9.5	8	0	5	34.3	18.2	21.5	13	12.3	4	0.7	143.9	12	12
1984	9.3	4.9	1.1	0.8	7.1	23.9	43.5	21.6	17.6	8.9	0	2	140.7	11.7	12
1985	4.5	0	2.5	11.6	12.5	30.2	10	47	18	8.6	3.4	0.2	148.5	12.4	12
1986	0	0.01	0	16	13.5	19	23.7	11	11.6	12.7	1	0	108.51	9	12
1987	0	0.01	4.5	7.6	8.7	22.2	18.9	26.2	10.5	0	4.9	0	103.51	8.6	12
1988	0	10.9	0	11.4	18.5	24.6	26.5	22.1	38	8.7	19.4	0	180.1	15	12
1989	0	8.4	0	3.4	20.6	32.2	19.8	12.6	16.2	17.2	12.8	0	143.2	11.9	12
1990	6	13	2.4	12.4	22.6	26.8	25.1	28.4	5.4	30.1	0	0.1	172.3	14.4	12
1991	0	0	0	0		27	17.1	0	0	0	0	0	44.1	4	11
1992	0		0	0									0	0	3
2001	7.5	0.3	4.5	6.5	39	17.5	32.8	67	33.5	3	0	2	213.6	17.8	12
2002	28.5												28.5	28.5	1
2004										30.5	27.5	0.4	58.4	19.5	3
2005	0.7	0	0	3	5	5.6	8.5	0.8	2.4	18.8	23	0	67.8	5.7	12
2006	1.3	0	4.7	10.3	18.2	10.6	14.6	26.2	9.1	13.9	18.2		127.1	11.6	11
2007	9.2	17.6	21.5	24.5	12.3	24.7	34.2	36.4	3.5	17.5	3.5	0	204.9	17.1	12
2008	0	4.2	0	14.4	4.7	15.5	16.9	11.3	8.4	10	0	0	85.4	7.1	12
2009	3.2	4.2	11.5	0.3	13.1	28	27.2	25.5	35.2	10	3.8	3.5	165.5	13.8	12
2010	6.2	23.4	11.5	4.5	2.5	7.8	30.5	14.5	8.3	0	0	0	109.2	9.1	12
2011	0	0	0	31.2	3.1	60.7	36.2	40.7	30.7	17.4	7.9	0	227.9	19	12
2012	2.7	6.2	11.3	2.7	11.2	38.3	17.4	24.8	13.8	0	2.6	0	131	10.9	12
2013	0	0	0	4.7	9.5	34.2	39.7	12.2	36.5	10.8	4.5	0	152.1	12.7	12
2014	1.3	3.2	14.3	2.3	15.2	40.8	39.2	30.3		17.4	6.3	40.7	211	19.2	11
2015	0	1.4	27.8	9.9	29.2	88.9	21.6	11.2	18.9		17.2	6.3	232.4	21.1	11
2016	7.8	0	6.8	24.3	27.4	20.4	16.2	21.3	13.4	9.6	7.1	6.3	160.6	13.4	12
2017	0	0.3	9.2	1.5	14.3	15.8	16.8	37.3	12.9	6.9	1.3	0	116.3	9.7	12
2018	6.5	7.7	1.2	19.3	10.3	22.3	19	48.5	121.6	20.5	7.4	0	284.3	23.7	12
2019	6.4	10	10.2	4.3	4.7	59	34.5	11.2	22.3	20.2	5.7	0	188.5	15.7	12
2020	0.01	13.2	11.2	19.5	9.3	27.2	25.7	26.6	22.3	4.6	0.3	0	159.91	13.3	12
2021	17.2	1.2	2.3	5.4	47.5	50.4	27.5	23.9	22.5	25.5	4.5	0	227.9	19	12
2022	8.2	7.8	0	20.8	3.5	25.6	21.2	25.4	19.5	24.6	5.2	15.2	177	14.8	12
2023	0	0	20.8	5.4	12.2	7.5	20.2	17.8	12.7	4.5	20.9	30.4	152.4	12.7	12
2024	0	10.6	0										10.6	3.5	3
MÍNIMA	0	0	0	0	2.5	5.6	6.5	0	0	0	0	0	0	0	1
MÁXIMA	51	23.4	29.5	32	47.5	88.9	73.8	67	121.6	37.5	27.5	40.7	284.3	28.5	12
MEDIA	5.6	4.7	6.9	10	15.3	26.8	24.6	23.5	22.2	14.4	6.1	3.9	152.1	13.6	11.2
DESV.ST	9	5.6	7.8	8.3	9.6	15.6	11.3	11.9	18.5	9.2	7.5	7.7	57.3	4.9	2.5

LLUVIA TOTAL MENSUAL
AÑO	ENE	FEB	MAR	ABR	MAY	JUN	JUL	AGO	SEP	OCT	NOV	DIC	ACUM	PROM	MESES
1961	3.5	0	0	0.4	22.9	202.12	117.42	82.83	60.31	12.51	6.21	3.5	511.7	42.6	12
1962	0	1.21	4.82	82.01	31.62	113.12	74.07	110.65	110.93	79.7	4.32	8.61	621.06	51.8	12
1963	0.5	0.3	21.4	23.9	61.3	85.5	191.6	130.4	134.1	31.6	3.2	11.5	695.3	57.9	12
1964	27.3	0	10.3	19	97.3	174.2	99.6	74.7	107.1	35.8	8	10.7	664	55.3	12
1965	2.7	25.72	0.38	27.97	41.07	94.87	104.65	158.43	79.92	55.63	0.05	9	600.39	50	12
1966	12	0.92	56.55	34.67	14.52	64.63	187.29	125.07	53.57	46.16	0.01	4.02	599.41	50	12
1967	64.61	2.02	14.83	13.25	44.59	30.32	62.67	188.17	134.87	60.22	0.03	0.02	615.6	51.3	12
1968	7.75	22	0.01	44.08	40.94	139.52	116.52	94.71	89.42	63.04	4	14.53	636.52	53	12
1969	14.4	5.5	14	15.8	14.5	37	145.1	238.2	89.3	63	4	14.5	655.3	54.6	12
1970	5.1	3.2	0	13	49.9	145.7	96.4	69.3	92.4	42.5	0	0	517.5	43.1	12
1972	0	0	10.9	38	65.1	80.4	98.7	66.8	84.6	59.4	7.9	0	511.8	42.6	12
1973	0	4	2.5	32.5	63.1	54.1	111.7	173	80.5	47.3	22	4	594.7	49.6	12
1974	0	2	10	58.2	65.5	114.4	194.9	97.7	87.6	19.9	2.5	0	652.7	54.4	12
1975	24.4	4.5	8	21.1	79.3	137.2	89	73.5	45.7	14.5	0	0	497.2	41.4	12
1976	0	3	9.8	47.4	72.3	56.5	179.7	85.4	83.3	70.4	3.9	22.4	634.1	52.8	12
1977	0.5	3.5	0	4.1	39.7	68.5	148.8	69.4	125	32.8	27.8	2.5	522.6	43.6	12
1978	2	12.6	38.4	2.2	24.5	218.8	109.7	84.2	104.9	55.4	17.4	1.4	671.5	56	12
1979	1	24.5	35.4	8.6	49.4	90	113.9	116.8	188.8	0.1	1.2	25.1	654.8	54.6	12
1980	41.8	6	4.8	27.9	26.3	63.9	85	105	54.8	52.6	38.5	0	506.6	42.2	12
1981	23.8	6	22.8	46.9	62.2	155.5	155	93.6	86.9	51.4	20	2.6	726.7	60.6	12
1982	0	6	31.1	35	84.3	73.6	95.9	49.4	17.8	44.5	0	2.6	440.2	36.7	12
1983	17.9	10.9	9	0	12.1	96.4	106.7	132.9	82.1	40.8	8.4	0.7	517.9	43.2	12
1984	20.01	14.11	1.41	0.81	25.73	117.22	264.2	98.9	110.9	37.22	0	3.52	694.03	57.8	12
1985	5.01	0	6.7	63.6	34.11	163.82	56.04	143.41	77.12	22.41	4.9	0.2	577.32	48.1	12
1986	0	0.01	0	23.42	69.01	128.65	84.92	102.51	31.13	29.91	4.41	0	473.97	39.5	12
1987	0	0.02	10.4	19.61	41.2	121.6	132.1	164.8	38.31	0	4.9	0	532.94	44.4	12
1988	0	16.4	0	14.4	47.4	105.1	121.1	61.2	95.9	14.1	19.4	0	495	41.2	12
1989	0	8.4	0	5.3	42.6	83	80.7	55.1	71.9	20.8	14.1	0	381.9	31.8	12
1990	16.4	17.6	4	49.3	72.4	109.4	103.7	64.9	9.5	108.4	0	0.2	555.8	46.3	12
1991	0	0	0	0		138.9	174.7	0	0	0	0	0	313.6	28.5	11
1992	0		0	0									0	0	3
2001	7.5	0.3	4.5	23.2	75.6	71.7	119.1	202.2	78.5	6.4	0	4	593	49.4	12
2002	32.3												32.3	32.3	1
2004										43.3	30	0.4	73.7	24.6	3
2005	0.7	0	0	7.52	7.26	9.86	24.48	1.46	2.96	33.84	27.5	0	115.58	9.6	12
2006	2.3	0	9.5	23.1	70.8	65.6	71.4	109.5	66.7	58.3	41.7		518.9	47.2	11
2007	9.51	33.5	38.8	62.71	45.2	153.61	156.2	136.6	3.5	24.11	3.5	0	667.24	55.6	12
2008	0	4.2	0	40	15.9	76.1	96.6	63.4	25.6	13	0	0	334.8	27.9	12
2009	8.3	4.2	11.7	0.3	69.4	101.3	111.5	115.3	131.3	32.3	3.8	3.5	592.9	49.4	12
2010	14.2	69.5	11.7	12.2	7.9	30.2	217.9	98	33	0	0	0	494.6	41.2	12
2011	0	0	0	46.1	3.1	109.6	139.81	150.01	80.6	68.6	17.7	0	615.52	51.3	12
2012	6.8	18.8	24.8	4.6	13	126.1	111.92	72.22	46.21	0	3.4	0	427.85	35.7	12
2013	0	0	0	9.1	47.21	85.6	144.3	61	138	48.6	14.2	0	548.01	45.7	12
2014	1.6	6.3	20.8	14.8	81.5	130.6	122.3	97.6		75.3	7.5	51.6	609.9	55.4	11
2015	0	2.1	93.2	35.71	125.9	249.6	81.6	77.3	90.82		26.1	11.3	793.63	72.1	11
2016	14.6	0	21.2	45.2	95.61	112.6	92.8	84.32	45.21	12.7	30.41	6.6	561.25	46.8	12
2017	0	0.5	19.3	2.9	35.61	62.9	108.51	102.41	55.9	26.61	1.3	0	415.94	34.7	12
2018	8.8	7.7	2	33.8	40.5	113.5	58.3	198.8	249.71	62.43	27.7	0	803.24	66.9	12
2019	6.7	10.3	10.5	5.4	9.3	202.6	96.3	71.4	54.1	54.5	6.2	0	527.3	43.9	12
2020	0.01	13.21	21.8	32.51	16.2	92.4	119.51	100.12	61.5	14.5	0.3	0	472.06	39.3	12
2021	23.5	1.2	2.3	10.1	103.71	149.61	90.2	135.8	105.7	43.1	4.5	0	669.72	55.8	12
2022	9.9	7.8	0	24	9.5	67.72	110.31	83.9	48.2	52.9	5.2	15.2	434.63	36.2	12
2023	0	0	44.8	17.6	26.61	23.1	81.02	67.01	32.2	24.3	72.6	34.9	424.14	35.3	12
2024	0	10.6	0										10.6	3.5	3
MÍNIMA	0	0	0	0	3.1	9.86	24.48	0	0	0	0	0	0	0	1
MÁXIMA	64.61	69.5	93.2	82.01	125.9	249.6	264.2	238.2	249.71	108.4	72.6	51.6	803.24	72.1	12
MEDIA	8.3	7.7	12.8	24	46.8	106	117.1	102.8	77.1	38.1	10.8	5.4	515	44.2	11.2
DESV.ST	12.6	11.8	17.5	19.6	29	50.8	44.2	47.1	46.9	24.1	14.3	10	182.9	13.6	2.5

EVAPORACIÓN MENSUAL
AÑO	ENE	FEB	MAR	ABR	MAY	JUN	JUL	AGO	SEP	OCT	NOV	DIC	ACUM	PROM	MESES
1978	67	149.1	210.4	227	231.9	113.4	109.8	134.5	100	93	89.2	94.1	1619.4	134.9	12
1979	125.8	128.4	214.1	206.2	217	166.8	141.7	106.4	106	164	113.2	76.3	1765.9	147.2	12
1980	114.7	161.9	232.6	180.5	182.3	177.8	152.9	118.2	97	127.8	97.7	80.2	1723.6	143.6	12
1981	99.7	118.2	196	174.1	177.5	115.5	110.7	116.5	113.4	96	100.8	104.5	1522.9	126.9	12
1982	121.5	126.7	184.2	200.3	149.7	161.2	115.8	121.4	124.7	113.6	97.5	111.8	1628.4	135.7	12
1983	101.4	150.8	180.4	235.2	224.6	181.3	118.9	128.6	94.4	118.5	102.1	99.7	1735.9	144.7	12
1984	110.6	135.1	215.5	266.3	180.4	130.4	98.1	94.2	75	112.4	100	105.9	1623.9	135.3	12
1985	102.6	110.8	179.4	149.5	192.8	113.9	110.3	132	121.2	96.9	98.8	84	1492.2	124.3	12
1986	98.6	40.8	150.8	73.2	148	110.2	117.2	122.5	120.7	110.3	98.9	91.3	1282.5	106.9	12
1987	136.5	153.2	198.5	185.1	182.6	135.3	109.3	129.9	130.5	160	96.8	100.1	1717.8	143.2	12
1988	117.47	130.38	182.15	209.37	215.63	164.82	118.37	73.91	141.43	128.09	119.32	61.33	1662.27	138.5	12
1989	86.72	152.44		96.03	205.29	19.21	142.32	49.13					751.14	107.3	7
1990			155.68	137.99	176.41	90.76		54.81	60.49	91.39	70.88		838.41	104.8	8
2002	98.67												98.67	98.7	1
2004												141.76	141.76	141.8	1
2005	159.44	171.07	241.79	232.05	232.23	220.97	149.65	139.5	132.37	151.43	162.76	145.31	2138.57	178.2	12
2006	150.09	168.18	188.72	183.71	197.58	147.87	131.74	135.76	115.76	127.43	84.53		1631.37	148.3	11
2007	165.53	187.17	190	203.61	182.2	161.96	131.78	146.35	130.5	143.52	130.5	140.93	1914.05	159.5	12
2008	157.59	192.57	218.67	189.81	187.17	124.14	129.73	129.32	114.37	134.97	146.53	151.66	1876.53	156.4	12
2009	147.6	168.17	230.43	232.97	187.42	137.38	116.34	132.35	125.09	145.66	130.71	146.77	1900.89	158.4	12
2010	125.08	147.57	187.42	198.92	192.35	129.7	89.37	102.56	117.31	152.91	145.45	139.75	1728.39	144	12
2011	166.9	175.16	204.73	178.73	166.59	128.44	92.24	117.28	128.51	158.45	134.89	131.9	1783.82	148.7	12
2012	140.33	126.11	174.41	148.75	128.91	111.98	113.83	109.12	112.19	158.22	127.09	157.19	1608.13	134	12
2013	141.03	172.18	188.32	202.22	144.62	95.99	110.93	113.07	107.5	120.43	101.62	123.04	1620.95	135.1	12
2014	132.73	158.72	197.93	166.39	117.89	95.64	75.87	113.48		113.67	115.27	113.62	1401.21	127.4	11
2015	124.11	141.6	167.99	149.25	126.35	81.91	94.66	130.6	111.12		109.84	113.31	1350.74	122.8	11
2016	120.01	147.44	156.13	171.29	147.77	100.35	103.32	124.72	138.44	141.78	116.77	149.91	1617.93	134.8	12
2017	163.42	171.52	185.98	174.65	134.16	116.09	98.82		117.66	153.4	163.93	142.4	1622.03	147.5	11
2018	136.26	146.01	194.35	163.75	150.68	111.9	95.96	121.79	102.86	130.3	128.67	140.06	1622.59	135.2	12
2019	150.62	175.65	192.31	182.32	149.69	114.53	88.98	112.15	124.78	131.84	126.12	74.49	1623.48	135.3	12
2020	148.47	188.29	183.14	159.69	123.84	97.8	88.88	103.4	109.02	168.08	154.99	153.46	1679.06	139.9	12
2021	148.53	188.54	199.26	173.55	111.48	100.56	87.4	132.89	116.92	132.81	142.23	142.68	1676.85	139.7	12
2022	143.15	151.52	200.07	160.77	145.56	114.43	90.11	66.25	104.3	114	125.14	123.92	1539.22	128.3	12
2023	156.95	171.58	201.7	159.21	115.78	132.03	87.89	105.78	141.95	139.01	153.82	106.92	1672.62	139.4	12
2024	162.03	174.62	234.56										571.21	190.4	3
MÍNIMA	67	40.8	150.8	73.2	111.48	19.21	75.87	49.13	60.49	91.39	70.88	61.33	98.67	98.7	1
MÁXIMA	166.9	192.57	241.79	266.3	232.23	220.97	152.9	146.35	141.95	168.08	163.93	157.19	2138.57	190.4	12
MEDIA	130.9	152.5	194.9	180.4	169.6	125.1	110.4	113.5	114.5	131	118.9	118.3	1491	138.2	10.7
DESV.ST	25.4	29.7	22.4	38.8	35.4	36.4	20	24	17.9	22.1	24	27.5	461.9	18.4	3

TEMPERATURA MÁXIMA PROMEDIO
AÑO	ENE	FEB	MAR	ABR	MAY	JUN	JUL	AGO	SEP	OCT	NOV	DIC	ACUM	PROM	MESES
1978	24.2	23.3	25.8	29.5	29.4	25.3	25.3	25.1	23.9	23.3	24.6	24.5		25.4	12
1979	24.8	24.7	27.4	28.6	28.8	26.7	26	24.4	22.7	26.8	24.7	23.1		25.7	12
1980	23.8	25.4	29.4	28.1	29.6	27.9	27.1	26	24.9	26.2	23.9	23.1		26.3	12
1981	21.4	25.6	26.8	27.6	28.3	25.4	24.4	25.3	24.8	26	24.3	24		25.3	12
1982	26	26	28.7	30.7	28.4	29	26.5	26.4	26.8	24.6	25.6	24.7		27	12
1983	22.4	23.9	27.5	30.6	32	29.7	26.6	25.7	25.1	25.6	24.4	24.8		26.5	12
1984	23.4	25.2	28	31.3	27.9	27	24.4	25	23	26.6	25.3	24.7		26	12
1985	24	25.1	28.6	27	28.5	25.5	24.8	26.2	26.4	26.4	26.4	24.4		26.1	12
1986	22.5	24.6	25.6	28.5	26.7	24.2	24	24.7	25.3	24.4	24.1	22.5		24.8	12
1987	22	23	24.3	25.4	26.9	23.9	22.7	23.4	25.1	24.4	22.7	23.2		23.9	12
1988	22.1	24.7	24.6	27.9	28.9	24.9	23.7	25.3	23.8	23.5	24.9	22.8		24.8	12
1989	23.5	23.1	25.6	25.6	28.1	26.4	23.9	23.9	22.5	23	25.8	22.2		24.5	12
1990	24.1	24.2	26.1	27.2	28.2	26.3	23.2	24	24	25	24.2	23.7		25	12
1991	24.5	26.6	30.5	30.2		25.8	23.5	24.7	24.3	25.5	22.9	23.2		25.6	11
1992	22.1		25.1	25.4										24.2	3
2001	18.5	20.8	22.4	23.9	22.2	22	21.6	21.1	20.2	19.9	18.2	18.9		20.8	12
2002	23.5													23.5	1
2004										23.5	24.8	22.1		23.5	3
2005	23.3	21.1	25.8	24.7	26.4	25.4	23.6	23.1	22.9	20.5	23.7	23.1		23.6	12
2006	23.2	25.2	26.6	27.8	25.1	23.6	23.5	23	23.2	23.5	21.9			24.2	11
2007	24.9	26.5	28.8	27.4	29.7	29.2	24.6	23.1	25.9	24	25.9	26.6		26.4	12
2008	24.8	26.2	27.7	26.5	26	22.8	22.7	23.9	23	24	24.2	24.3		24.7	12
2009	22.7	25	26.4	28.8	25.4	24.3	25	24.9	23.9	25.4	24.6	24.8		25.1	12
2010	23.1	22.5	27.6	28.4	26.8	26.8	22.3	23.3	24.1	25.6	25.4	25.5		25.1	12
2011	24.6	25.7	28	28.3	28	24.4	21.5	23.4	21.9	24	23.8	24.5		24.8	12
2012	23	21.4	26.3	25.3	26.3	23.4	20.7	21.4	23.8	25.4	23.2	24.3		23.7	12
2013	23.2	26.4	24.9	26.6	25.6	23.4	22.5	22.4	21.7	23.2	22.8	24.2		23.9	12
2014	22.7	26.8	26.1	26.4	24.7	22.2	22	22.9		22.5	23.2	22		23.8	11
2015	22.2	24.2	23.5	25.6	23.5	22.1	22.5	23.5	22.3		23.8	23.7		23.4	11
2016	20.7	23.4	23.8	26.9	25.9	21.6	22.3	22.8	23.1	24.1	22.5	24		23.4	12
2017	24.3	24.9	25.1	25.8	26.6	24.8	21.7	22.9	21.6	23.3	24.4	23.3		24.1	12
2018	21.7	24	27.3	25.8	25.9	22.8	23	22.2	22.5	23.5	23	22.2		23.7	12
2019	22.5	26.1	27.3	27	27.5	23.3	22	23.8	23.4	24.1	24.8	24.3		24.7	12
2020	23.4	25.4	27.5	27.3	25.7	24.3	23.1	22.3	21.9	25.2	24.6	22.8		24.5	12
2021	23.6	25.4	27.8	27.9	24.8	21.7	22.1	21.8	21.5	23.9	24	23.5		24	12
2022	21.7	23.2	25.7	26.4	27.5	23.3	22.6	21.8	22	23	24.1	23.2		23.7	12
2023	23.9	24.7	26.6	26.1	25.2	27.4	23.1	22.7	24.7	23.1	24.1	22.7		24.5	12
2024	23.2	25.7	28.2											25.7	3
MÍNIMA	18.5	20.8	22.4	23.9	22.2	21.6	20.7	21.1	20.2	19.9	18.2	18.9		20.8	1
MÁXIMA	26	26.8	30.5	31.3	32	29.7	27.1	26.4	26.8	26.8	26.4	26.6		27	12
MEDIA	23.1	24.6	26.6	27.3	27	24.9	23.5	23.7	23.5	24.2	24	23.6		24.6	10.9
DESV.ST	1.4	1.5	1.7	1.8	2	2.2	1.6	1.4	1.5	1.5	1.4	1.3		1.2	2.9

TEMPERATURA MÁXIMA EXTREMA
AÑO	ENE	FEB	MAR	ABR	MAY	JUN	JUL	AGO	SEP	OCT	NOV	DIC	ACUM	PROM	MESES
1978	27	29	31	34	34	29.5	27.5	28.5	28	27	26.5	26.5		29	12
1979	29	28.5	32	31	32.5	31	29	27	26	30	28	25.5		29.1	12
1980	27.5	29.5	32.5	33	33	33	30	28.5	28	30.5	26.5	27		29.9	12
1981	27.5	30	31.5	33	31.5	30	28	28.5	28.5	37	27	28		30	12
1982	29.5	29	33.5	34	31	32	30	30.5	32	28	29	28		30.5	12
1983	29.5	29	32.5	35	38	34	30	28.5	28.5	30	28	28		30.9	12
1984	27	30	34	35	33	30.5	28	29	27	30	29	27		30	12
1985	28	28.5	32	33	33	30	29	28.5	29.5	29.5	31	28		30	12
1986	26	27	30	32.5	32	27	27	28.5	27.5	28.5	29	27		28.5	12
1987	27	27	31	30	29.5	27.5	27.5	26.5	27.5	27	26.5	26.5		27.8	12
1988	25	29	29.5	32.5	31.5	29	26	27	26.5	27	27.5	25		28	12
1989	25.5	27	27.5	29	32.5	31	28.5	26.5	26.5	25.5	29	25		27.8	12
1990	26.5	26	29.5	29.5	31.5	30	25	26	25	27.5	27.5	26		27.5	12
1991	27	30	32	31		31	25.5	26.5	26	27	26.5	26.5		28.1	11
1992	25		29.5	30										28.2	3
2001	22	24	27	29	27	26	24	25	23	23	22	22		24.5	12
2002	26													26	1
2004										28	27	27		27.3	3
2005	27	24	29	28.5	29.5	28	28.5	27.5	27.5	25	27	26		27.3	12
2006	26	28	30	30	30	27	26	25	25	26	25			27.1	11
2007	28	31	33	32	34	39	28	26	29	29	29	29		30.6	12
2008	28	29	30	30	30	27	26	26	27	27	26	26		27.7	12
2009	27	28	29	33	29	28	28	27	27	30	30	31		28.9	12
2010	30	29	32	31	32	31	26	26	27	31	28	28		29.2	12
2011	28	29	31	37	32	28	25	26	27	28	28	27		28.8	12
2012	26	27	30	30	30	29	24	24	27	29	27	27		27.5	12
2013	27	28	29	30	28	27	25	25	25	26	26	28		27	12
2014	26	29	29	30	28	27	25	26		26	26	25		27	11
2015	24	29	30	28	28	25	26	26	26		27	27		26.9	11
2016	25	27	29	30	30	24	25	25	26	28	27	26		26.8	12
2017	27	28	28	29	30	27	25	25	26	26	27	26		27	12
2018	24	28	29.5	28.5	31.5	29.5	27	24	24	26	28	24		27	12
2019	26	29	30.5	29.5	29.5	26.5	24	25.5	25.5	27.4	27	27		27.3	12
2020	27	29	30.5	28.5	28	27.4	25	24.4	25.5	28.4	27.4	25.5		27.2	12
2021	27.4	31	39	29.5	27.4	26.5	24	24	24	28	26	25		27.6	12
2022	24	26	28	29	30	28	25	24	24	26	26	26		26.3	12
2023	26	26	29	29	28	32	25	26	27	26	28	26		27.3	12
2024	26	30	31											29	3
MÍNIMA	22	24	27	28	27	24	24	24	23	23	22	22		24.5	1
MÁXIMA	30	31	39	37	38	39	30	30.5	32	37	31	31		30.9	12
MEDIA	26.6	28.2	30.6	31	30.8	29.1	26.5	26.4	26.6	27.9	27.3	26.5		28.1	10.9
DESV.ST	1.7	1.7	2.2	2.2	2.3	2.9	1.9	1.7	1.8	2.4	1.6	1.6		1.4	2.9

TEMPERATURA MÍNIMA PROMEDIO
AÑO	ENE	FEB	MAR	ABR	MAY	JUN	JUL	AGO	SEP	OCT	NOV	DIC	ACUM	PROM	MESES
1978	0.5	3.3	3.3	5.9	7.4	9.8	8	7.9	7.9	6.1	3.4	1.7		5.4	12
1979	-0.1	2.5	3.5	6.3	7	7.9	8	7.8	7.1	2.2	1.3	1.7		4.6	12
1980	0.5	0.9	4.1	5.9	8.7	7.8	8	8.9	8.8	6	2.8	-0.3		5.2	12
1981	-1	1.9	4.4	6.8	8.9	10.5	8.7	8.6	8.1	7	-0.3	0.9		5.4	12
1982	0.4	1.3	4.1	6.9	9.1	7.6	7.7	7.1	7.4	6	2	0.7		5	12
1983	0.8	-0.9	1.9	6	9.4	9.1	9.4	8.6	8.8	5.2	3.9	0.8		5.2	12
1984	0.5	2.2	3.7	5.9	7.4	9.2	9	7.6	8.8	5.9	0.3	-0.7		5	12
1985	-0.1	1.2	3.4	5.7	6.6	9.3	7.5	7.9	7	4.2	1.2	0.8		4.6	12
1986	-1.4	2.2	2.5	7.4	10.5	11.7	8.9	9.5	9.2	8.2	5.2	3.1		6.4	12
1987	2.3	4.6	5.5	6.8	7.9	11	10.5	10.7	9.8	3.6	4.1	2.5		6.6	12
1988	-0.3	3.6	5.5	8.2	9	10.5	10.5	10.1	8.4	6.8	1.3	-0.2		6.1	12
1989	2.2	1.3	5.2	5.2	7.8	8.8	9.1	9.5	8.7	4.6	4.8	2.2		5.8	12
1990	2.3	3.9	5.6	10.6	8.5	10.2	10	9.5	8.8	8.6	5.1	3.4		7.2	12
1991	1.7	3.6	8.9	11.2		9.9	9.7	8.4	7.2	6.1	3.3	2.7		6.6	11
1992	0.1		5.9	6.9										4.3	3
2001	1	1.5	2	5.9	5.7	8.5	7	6.8	7.1	4.2	1.8	1.2		4.4	12
2002	10													10	1
2004										10.1	5.4	2.9		6.1	3
2005	3.2	3.6	3.9	3.9	4.1	3.9	3.6	3.6	3.5	3	4.9	4.1		3.8	12
2006	2	5.1	5.4	8.5	10.9	10.8	11.1	11.5	12.3	10.8	7			8.7	11
2007	4.8	5.5	5.9	8.5	10.7	10.8	11.1	10.8	3.8	7.4	3.8	3.2		7.2	12
2008	2.3	3.9	7.2	10	10.1	10.6	10.8	11.1	10.9	7.9	3.4	1.4		7.5	12
2009	3.3	3.8	5	9.5	10.7	11.5	10.9	10.5	11.8	10.7	5.6	5.9		8.3	12
2010	4.8	5.6	6.8	8.4	10.7	11.7	11.2	11.3	10.8	6.2	6.6	1.2		7.9	12
2011	3.1	6	4.9	9.8	11.2	10.4	11.6	10.7	9.1	6.4	5.8	3.1		7.7	12
2012	3.9	6.5	6.2	7	9.8	11.4	10.9	10.9	10.3	6.7	5	3.3		7.7	12
2013	4.4	4.4	6.3	9.1	10.5	10.8	10.8	10	11.5	9.2	7.4	4.6		8.2	12
2014	3	4.9	7.8	9.3	10.4	12.3	10.5	10.2		10.2	6.9	5.9		8.3	11
2015	4.5	5.8	8.3	9.6	10.9	11.6	10.5	10.8	11.2		9	5.9		8.9	11
2016	4.4	4.6	7.9	8.7	11.1	11	11	11	11	8.8	7.1	5.9		8.5	12
2017	2.9	4.2	6	8.5	11	11.1	11.1	11.7	11.2	9.2	4.1	2.1		7.8	12
2018	2.2	5.8	7.1	8.8	9.9	11.7	10.1	11	11.4	10.3	6.9	3.7		8.2	12
2019	3.2	5.7	6.9	8.6	10.7	12.4	11	10.3	10.5	10.9	7.8	3.5		8.5	12
2020	4.1	6.3	7.6	11	10.5	11.1	11	11.2	10.9	7	5.2	5		8.4	12
2021	4.2	4.5	6.4	8.1	11	11.7	10.5	10.7	10.7	9.5	4.7	3.2		7.9	12
2022	3.8	4.9	6.2	9.3	9.9	10.4	10.9	10.6	11.4	8.6	6.3	3.4		8	12
2023	3	3.9	6.6	9	10.1	11.8	11.9	11.4	9.9	10	7	5.9		8.4	12
2024	5.1	5.1	8.6											6.3	3
MÍNIMA	-1.4	-0.9	1.9	3.9	4.1	3.9	3.6	3.6	3.5	2.2	-0.3	-0.7		3.8	1
MÁXIMA	10	6.5	8.9	11.2	11.2	12.4	11.9	11.7	12.3	10.9	9	5.9		10	12
MEDIA	2.5	3.8	5.6	7.9	9.3	10.3	9.8	9.7	9.3	7.3	4.6	2.8		6.8	10.9
DESV.ST	2.2	1.8	1.8	1.8	1.8	1.7	1.7	1.8	2.1	2.4	2.3	1.9		1.6	2.9

TEMPERATURA MÍNIMA EXTREMA
AÑO	ENE	FEB	MAR	ABR	MAY	JUN	JUL	AGO	SEP	OCT	NOV	DIC	ACUM	PROM	MESES
1978	0	-0.5	-1.5	3	3.5	7	4	3	4.5	-0.5	-1	-1.5		1.7	12
1979	-5.5	0	1	3.5	2.5	0	4	4.5	-3.5	-4	-2.5	-1.5		-0.1	12
1980	-4	-5	0	3	5	2	3.5	5	1	1	-1.5	-6		0.3	12
1981	-6	-2.5	0	2.5	5.5	7.5	5.5	4	5	1.5	-5	-2.5		1.3	12
1982	-2	-2.5	0.5	3	2	3	4	4.5	2.5	0.5	-5.5	-6		0.3	12
1983	-4.5	-4.5	-2	1	3.5	4	5.5	5	3.5	1	-2	-5.5		0.4	12
1984	-5	-2.5	0	2	3.5	2.5	6	4	2.5	2.5	-2.5	-4		0.8	12
1985	-5	-2	0	-1	3	5	3.5	5	1.5	-5	-3	-3		-0.1	12
1986	-7	-2	-4	5	5.5	8.5	6	4	5.5	0	0	-0.5		1.8	12
1987	0	0	0	2	5.5	8	6	8.5	5	0	1.5	-0.5		3	12
1988	-7	-0.5	1	6	7	6.5	8	7.5	4	2	-3	-2		2.5	12
1989	0	-5	-5.5	2	5	5.5	7.5	7	5	-0.5	2	-2		1.8	12
1990	0	0.5	-1	8.5	5	8.5	9	6.5	6	4.5	-5	2		3.7	12
1991	-1.5	1.5	3	10		4	8	6.5	5.5	5	-3	-1		3.5	11
1992	-5		3	3										0.3	3
2001	-2	-1	0	2	2	5	5	5	4	0	0	-2		1.5	12
2002	7													7	1
2004										8	2	-4		2	3
2005	-2	3	3.5	3.5	3.5	3	3	3	3	2	-1	-1		2	12
2006	-4	3	1	3	7	7	8	8	10	4	-1			4.2	11
2007	0	2	2	4	7	4	9	8	-1	-2	-1	1		2.8	12
2008	0	1	4	8	7	6	7	8	6	4	-3	-2		3.8	12
2009	0	-2	-1	4	7	8	9	7	9	7	2	-1		4.1	12
2010	-1	-1	1	5	5	10	8	8	2	1	-5	-5		2.3	12
2011	0	0	0	7	5	4	8	7	1	-2	-3	0		2.2	12
2012	1	3	2	1	5	7	7	8	7	3	1	-1		3.7	12
2013	0	1	-1	6	6	7	7	7	9	4	3	-1		4	12
2014	-1	1	4	5	6	10	8	7		5	2	3		4.5	11
2015	1	2	4	5	8	8	7	8	7		4	3		5.2	11
2016	0	0	3	6	2	8	4	8	8	6	0.4	2		4	12
2017	1	2	2	4	7	6	9	8	0.11	3	-1	-4		3.1	12
2018	-2	3	4	4	6	8	8	8	9	6	1	-1		4.5	12
2019	0	2	2	5	7	9	9	7	6	9	5	1		5.2	12
2020	0	3	5	8	6	7	7	8	8	2	1	1		4.7	12
2021	0	0	1	2	7	8	7	7	7	5	1	0		3.8	12
2022	1	3	2	6	6	7	9	8	6	5	4	1		4.8	12
2023	1	0	3	6	6	9	9	8	5	5	2	0		4.5	12
2024	1	0	5											2	3
MÍNIMA	-7	-5	-5.5	-1	2	0	3	3	-3.5	-5	-5.5	-6		-0.1	1
MÁXIMA	7	3	5	10	8	10	9	8.5	10	9	5	3		7	12
MEDIA	-1.4	0	1.1	4.2	5.2	6.3	6.7	6.5	4.7	2.4	-0.5	-1.3		2.8	10.9
DESV.ST	2.9	2.3	2.4	2.4	1.7	2.4	1.9	1.7	3.1	3.2	2.8	2.4		1.7	2.9

TEMPERATURA MEDIA MENSUAL
AÑO	ENE	FEB	MAR	ABR	MAY	JUN	JUL	AGO	SEP	OCT	NOV	DIC	ACUM	PROM	MESES
1978	12.3	13.3	14.6	17.7	18.4	17.6	16.6	16.5	15.9	14.7	14	13.1		15.4	12
1979	12.3	13.6	15.4	17.4	17.9	17.3	17	16.1	14.9	14.5	13	12.4		15.2	12
1980	12.2	13.1	16.8	17	19.1	17.8	17.6	17.4	16.9	16.1	13.3	11.4		15.7	12
1981	10.2	13.8	15.6	17.2	18.6	18	16.5	17	16.4	16.5	12	12.4		15.3	12
1982	13.2	13.7	16.4	18.8	18.8	18.3	17.1	16.8	17.1	15.3	13.8	12.7		16	12
1983	11.6	11.5	14.7	18.3	20.7	19.4	18	17.1	17	15.4	14.1	12.8		15.9	12
1984	11.9	13.7	15.8	18.6	17.6	18.1	16.7	16.3	15.9	16.2	12.8	12		15.5	12
1985	11.9	13.2	16	16.4	17.6	17.4	16.1	17	16.7	15.3	13.8	12.6		15.3	12
1986	10.6	13.4	14.1	18	18.6	18	16.4	17.1	17.2	16.3	14.7	12.8		15.6	12
1987	12.2	13.8	14.9	16.1	17.4	17.4	16.6	17	17.5	14	13.4	12.8		15.3	12
1988	10.9	14.2	15.1	18	19	17.7	17.1	17.7	16.1	15.2	13.1	11.3		15.4	12
1989	12.8	12.2	15.4	15.4	18	17.6	16.5	16.7	15.6	13.8	15.3	12.2		15.1	12
1990	13.2	14	15.9	18.9	18.4	18.2	16.6	16.8	16.4	16.8	14.6	13.5		16.1	12
1991	13.1	15.1	19.7	20.7		17.9	16.6	16.6	15.8	15.8	13.1	12.9		16.1	11
1992	11.1		15.5	16.1										14.2	3
2001	9.8	11.2	12.2	14.9	13.9	15.2	14.3	14	13.6	12	10	10		12.6	12
2002	16.8													16.8	1
2004										16.8	15.1	12.5		14.8	3
2005	13.2	12.4	14.8	14.3	15.2	14.6	13.6	13.4	13.2	11.8	14.3	13.6		13.7	12
2006	12.6	15.1	16	18.1	18	17.2	17.3	17.2	17.8	17.1	14.4			16.4	11
2007	14.8	16	17.4	18	20.2	20	17.9	17	14.8	15.7	14.8	14.9		16.8	12
2008	13.6	15	17.4	18.2	18	16.7	16.8	17.5	17	15.9	13.8	12.8		16.1	12
2009	13	14.4	15.7	19.1	18	17.9	18	17.7	17.9	18	15.1	15.4		16.7	12
2010	14	14.1	17.2	18.4	18.8	19.2	16.8	17.3	17.5	15.9	16	13.3		16.5	12
2011	13.9	15.8	16.4	19	19.6	17.4	16.6	17	15.5	15.2	14.8	13.8		16.2	12
2012	13.4	13.9	16.2	16.1	18	17.4	15.8	16.1	17	16	14.1	13.8		15.7	12
2013	13.8	15.4	15.6	17.9	18	17.1	16.6	16.2	16.6	16.2	15.1	14.4		16.1	12
2014	12.8	15.9	17	17.9	17.6	17.2	16.2	16.5		16.4	15.1	13.9		16	11
2015	13.3	15	15.9	17.6	17.2	16.9	16.5	17.1	16.8		16.4	14.8		16.1	11
2016	12.6	14	15.9	17.8	18.5	16.3	16.6	16.9	17	16.5	14.8	14.9		16	12
2017	13.6	14.5	15.6	17.1	18.8	18	16.4	17.3	16.4	16.2	14.2	12.7		15.9	12
2018	11.9	14.9	17.2	17.3	17.9	17.2	16.6	16.6	17	16.9	14.9	12.9		15.9	12
2019	12.8	15.9	17.1	17.8	19.1	17.9	16.5	17	17	17.5	16.3	13.9		16.6	12
2020	13.8	15.8	17.6	19.1	18.1	17.7	17	16.8	16.4	16.1	14.9	13.9		16.4	12
2021	13.9	14.9	17.1	18	17.9	16.7	16.3	16.2	16.1	16.7	14.3	13.3		15.9	12
2022	12.8	14.1	15.9	17.9	18.7	16.9	16.8	16.2	16.7	15.8	15.2	13.3		15.9	12
2023	13.4	14.3	16.6	17.6	17.6	19.6	17.5	17	17.3	16.6	15.6	14.3		16.4	12
2024	14.1	15.4	18.4											16	3
MÍNIMA	9.8	11.2	12.2	14.3	13.9	14.6	13.6	13.4	13.2	11.8	10	10		12.6	1
MÁXIMA	16.8	16	19.7	20.7	20.7	20	18	17.7	17.9	18	16.4	15.4		16.8	12
MEDIA	12.8	14.2	16.1	17.6	18.2	17.6	16.6	16.7	16.4	15.7	14.3	13.2		15.7	10.9
DESV.ST	1.3	1.2	1.3	1.3	1.2	1.1	0.9	0.9	1.1	1.3	1.2	1.1		0.8	2.9